7.850337418853432503e+00 7.707953823749609690e+00 7.484850774462401546e+00 6.986353566027156958e+00 4.671056165222226220e+00 2.746660648294634299e+00 1.490237773505135754e+00 7.466926679884734463e-01 3.092837064994704566e-01 2.067999914227208400e-02 1.752980864612740613e-05 1.287869350541396969e-09 3.325927585982265411e-14 5.185326461857655047e-19 6.260927796586807337e-24
7.872120438805872311e+00 7.761802643526603873e+00 7.608433199639120126e+00 7.349028770611639949e+00 5.382497083190025400e+00 2.942509705608090886e+00 1.594529889363240471e+00 7.979608854147430819e-01 3.450973735691796329e-01 3.249269558396541274e-02 4.228728220233526116e-05 3.858464831487476855e-09 1.132261771769275172e-13 1.919534261934485881e-18 2.458437127747311446e-23
7.880788090489289743e+00 7.784270817742259041e+00 7.661591250229029093e+00 7.491473038175016086e+00 7.195784156892472083e+00 3.850868387795836068e+00 1.896447708189200609e+00 9.238706205372765323e-01 4.175396366781581881e-01 6.491377022813815678e-02 1.774858920442487292e-04 2.181932298019443617e-08 7.155500472594269817e-13 1.243867648921140867e-17 1.559470010771824257e-22
7.887091686397095458e+00 7.799530041291719229e+00 7.694657986998509891e+00 7.564253729045526953e+00 7.392474988276799941e+00 7.138273997662855308e+00 6.435480370615864310e+00 1.723830990974639210e+00 6.712942699491093457e-01 2.028866051718131724e-01 3.036838455970132782e-03 6.123031213328212042e-07 1.866240680539321761e-11 2.491811111696438527e-16 2.241130505479652942e-21
7.888882560863771154e+00 7.803425752643523339e+00 7.702314699213202331e+00 7.579199801896113975e+00 7.423294430419216106e+00 7.213029758006360481e+00 6.887590548342076957e+00 5.413597345578817333e+00 1.097633799312588421e+00 3.527300355325579950e-01 1.626720065016267619e-02 4.802188812106962495e-06 1.183204324806051729e-10 1.129353930455571889e-15 7.203821552933009147e-21
7.889962127002760006e+00 7.805453100282485401e+00 7.705868562719389914e+00 7.585623257573761435e+00 7.435813568123235129e+00 7.240553122038230427e+00 6.965563625234662659e+00 6.496177788276583875e+00 3.346967854646816676e+00 6.390278367382484781e-01 8.173778238746690072e-02 5.245113054754565009e-05 8.960228134267119889e-10 5.011774601312291954e-15 1.922825507118735141e-20
7.890173505924043873e+00 7.805703025268281081e+00 7.706114254614726988e+00 7.585914489251272208e+00 7.436459689966843811e+00 7.242664995645604620e+00 6.973453637139278349e+00 6.539234867857230071e+00 5.159887505941908259e+00 8.935654018654394237e-01 1.485399897581892448e-01 1.740406717090483624e-04 2.444510711735233772e-09 9.896833172364831199e-15 2.789381650429692964e-20
7.890180443481091821e+00 7.805495207789515000e+00 7.705483710344828374e+00 7.584627308323667272e+00 7.434292251671253737e+00 7.239570477805572501e+00 6.970428427588059250e+00 6.546002520087504273e+00 5.510919156265658536e+00 1.421716865480515679e+00 2.559003328112691156e-01 7.489236040673065637e-04 8.670895015562496604e-09 2.243864282525322828e-14 4.028766278790238540e-20
7.890097678699888206e+00 7.805224390588893613e+00 7.704882966487457630e+00 7.583509832278278573e+00 7.432408164971546327e+00 7.236589520294608668e+00 6.965995056913588890e+00 6.540862678963057064e+00 5.550407911831910290e+00 1.859564291088509957e+00 3.284037733808407022e-01 1.741442575681049435e-03 1.882284400717611518e-08 3.627345654655311702e-14 4.754193559054891567e-20
7.889936380753679757e+00 7.804799332256622257e+00 7.704020706132324037e+00 7.581973176341556986e+00 7.429860704551908945e+00 7.232536145086164936e+00 6.959703709409327921e+00 6.531719113599638860e+00 5.559331338940125988e+00 2.464007137151321469e+00 4.419172880722315733e-01 5.424622416073269192e-03 5.737627287628271984e-08 6.969380290355137376e-14 5.460948460352705461e-20
7.889828007228410378e+00 7.804541706875010476e+00 7.703526559155656095e+00 7.581121433560179312e+00 7.428476269985389457e+00 7.230353891736911010e+00 6.956309823636669165e+00 6.526610921781837327e+00 5.557199661360526122e+00 2.768501828411687349e+00 5.236620847329852557e-01 1.064028456067545383e-02 1.169976160580504996e-07 1.023782346666432444e-13 5.502532873372114771e-20
7.889681364981248279e+00 7.804213842390262279e+00 7.702921766004683590e+00 7.580106447686834947e+00 7.426857740032620114e+00 7.227838909273478052e+00 6.952446861038346526e+00 6.520916874218277037e+00 5.554035521434552258e+00 3.002332517058304617e+00 6.584771622165798144e-01 2.538053435224895890e-02 3.186525063237425001e-07 1.641631349897275684e-13 4.737919487422501201e-20
7.889597578878082551e+00 7.804034828839125026e+00 7.702601930371931083e+00 7.579582280767248825e+00 7.426037270392622069e+00 7.226583954468857485e+00 6.950551385505360003e+00 6.518225270190935561e+00 5.553329491849805066e+00 3.066298591444640564e+00 7.532084236751678263e-01 4.090024775713474448e-02 5.820666563682579132e-07 2.044819199328883194e-13 3.745560452471119485e-20
7.889493653490373681e+00 7.803819924667772412e+00 7.702227322222641170e+00 7.578980148178642295e+00 7.425109741181746159e+00 7.225185525607071391e+00 6.948473247618072612e+00 6.515384391454198898e+00 5.553931497764222236e+00 3.099123765568787103e+00 8.741164139937561695e-01 7.146528428203001437e-02 1.235151280033172699e-06 2.308697554158002323e-13 2.004251099174638659e-20
7.889438085909483256e+00 7.803708020437110982e+00 7.702036314975770459e+00 7.578678368122603537e+00 7.424651640961113408e+00 7.224504089434848453e+00 6.947475918506247794e+00 6.514068226183087340e+00 5.554878369536072391e+00 3.099582284624442519e+00 9.395205123044977347e-01 9.350176498825121807e-02 1.758722864612611419e-06 2.055594456447206216e-13 1.036698571408988897e-20
7.889373313752041206e+00 7.803580103909285803e+00 7.701821468026311734e+00 7.578343502442007384e+00 7.424149276253684704e+00 7.223764898526034095e+00 6.946406971276121389e+00 6.512693778718425364e+00 5.556412580624757958e+00 3.087105792380226976e+00 1.070028728852852939e+00 1.196043811139204799e-01 2.104175073175709580e-06 1.101992971842207753e-13 2.303000658594256230e-21
7.889341356177147269e+00 7.803517976788372223e+00 7.701718505320053865e+00 7.578184859763703152e+00 7.423913681822067012e+00 7.223421469539633932e+00 6.945915286689237078e+00 6.512074111181775038e+00 5.557293735503941789e+00 3.076263436233797943e+00 1.137898055157182231e+00 1.252070704260842826e-01 1.673399939535328244e-06 4.745656713944576848e-14 5.328205359382104753e-22
7.889308588223316931e+00 7.803454946589550190e+00 7.701615004165661027e+00 7.578026669770091317e+00 7.423680438972894535e+00 7.223083703241245601e+00 6.945434983042041210e+00 6.511476089879860041e+00 5.558250548046968831e+00 3.062275119881896046e+00 1.192071949473588743e+00 1.054565435757022218e-01 5.385193572726023381e-07 5.469227774406989133e-15 2.401492190868618422e-23
7.889296144658255017e+00 7.803431189532469503e+00 7.701576249780652361e+00 7.577967783892897380e+00 7.423594068825696723e+00 7.222959228121824893e+00 6.945258831987136006e+00 6.511258483883957560e+00 5.558622577717541091e+00 3.056275456695379589e+00 1.207813486159153848e+00 7.770586359325294679e-02 1.268904031095865017e-07 6.275117492289063083e-16 1.521511807106526655e-24
7.889290863222426786e+00 7.803421136074404352e+00 7.701559892900446513e+00 7.577942988560355531e+00 7.423557777315220818e+00 7.222907026493509797e+00 6.945185099294165276e+00 6.511167660285692271e+00 5.558781291098023658e+00 3.053624962541919174e+00 1.213694721573447710e+00 5.836550786072503688e-02 1.988485438510984797e-08 4.562555169849914047e-17 6.188079868192852199e-26
7.889296144658254129e+00 7.803431189532470391e+00 7.701576249780653249e+00 7.577967783892896492e+00 7.423594068825695835e+00 7.222959228121824005e+00 6.945258831987170645e+00 6.511258483901946725e+00 5.558622561383161020e+00 3.056275621577830837e+00 1.207813283606385735e+00 7.770599447154029338e-02 1.268927579922911456e-07 6.275160427216003086e-16 1.521506026738149657e-24
7.889317579371738276e+00 7.803472173557694624e+00 7.701643194823152960e+00 7.578069624566769136e+00 7.423743600702700896e+00 7.223174940283573875e+00 6.945564392601903947e+00 6.511636529946232876e+00 5.557984130705171388e+00 3.066383440277260508e+00 1.179030475832132829e+00 1.159871667917461574e-01 8.905159664410981121e-07 1.287618217274104130e-14 7.706304011751333081e-23
7.889341356177148157e+00 7.803517976788373112e+00 7.701718505320054753e+00 7.578184859763702264e+00 7.423913681822067012e+00 7.223421469539635709e+00 6.945915286689229973e+00 6.512074111224912976e+00 5.557293730288815681e+00 3.076263556394722265e+00 1.137898238943151341e+00 1.252072104672395936e-01 1.673406368947123397e-06 4.745563015735942848e-14 5.328106725108504210e-22
7.889392564682341735e+00 7.803617841767446883e+00 7.701884457560184138e+00 7.578441155235955407e+00 7.424295087352152933e+00 7.223978516229298208e+00 6.946714428176212763e+00 6.513085246353242930e+00 5.555916514157559938e+00 3.092190486550523865e+00 1.026333061912694022e+00 1.126140697499609933e-01 2.101126875092534817e-06 1.459517485761363327e-13 4.124879969873188864e-21
7.889438085909485032e+00 7.803708020437110982e+00 7.702036314975770459e+00 7.578678368122604425e+00 7.424651640961112520e+00 7.224504089434848453e+00 6.947475918506230030e+00 6.514068226176092047e+00 5.554878377518591037e+00 3.099582171361440430e+00 9.395204781208302824e-01 9.350165842325201815e-02 1.758726338749567225e-06 2.055626618555333123e-13 1.036717316578712986e-20
7.889525462462551708e+00 7.803884906988431069e+00 7.702339520724247990e+00 7.579159102680787186e+00 7.425383605314718416e+00 7.225595958119610529e+00 6.949079012494187246e+00 6.516199258989699317e+00 5.553576013550329371e+00 3.093780188315379487e+00 8.391814565168620454e-01 6.058473738510735535e-02 9.853648957259527099e-07 2.292710653536103418e-13 2.575764128376081525e-20
7.889597578878082551e+00 7.804034828839126803e+00 7.702601930371930194e+00 7.579582280767249713e+00 7.426037270392622958e+00 7.226583954468855708e+00 6.950551385505256086e+00 6.518225270180514563e+00 5.553329459182588579e+00 3.066298778181646423e+00 7.532082769036358982e-01 4.090012262015908784e-02 5.820733328991814177e-07 2.044821845675778116e-13 3.745538515159290011e-20
7.889727599411895831e+00 7.804315057798876687e+00 7.703105787661765902e+00 7.580412039810260794e+00 7.427341131354816994e+00 7.228585059232345067e+00 6.953585165548577862e+00 6.522570668956889861e+00 5.554835522729146824e+00 2.948350796709672483e+00 6.119648127511649882e-01 1.937824015471639044e-02 2.307034693250782272e-07 1.425952635437887257e-13 5.102825810328070185e-20
7.889828007228409490e+00 7.804541706875011364e+00 7.703526559155655207e+00 7.581121433560180201e+00 7.428476269985387681e+00 7.230353891736912786e+00 6.956309823636583012e+00 6.526610921820076072e+00 5.557199643824580981e+00 2.768501975891216382e+00 5.236616692892294145e-01 1.064025081415321400e-02 1.169971367382878688e-07 1.023790589505388635e-13 5.502692785720167960e-20
7.889991711953276976e+00 7.804937843089488680e+00 7.704294348477224830e+00 7.582453614435465283e+00 7.430650824528850507e+00 7.233790281645001485e+00 6.961659491724046411e+00 6.534647024740580790e+00 5.559133564337260580e+00 2.282166854484223517e+00 4.031073986169491086e-01 3.775314852105923682e-03 3.979386528357444025e-08 5.657830469242845259e-14 5.296526578604104872e-20
7.890097678699888206e+00 7.805224390588894501e+00 7.704882966487458518e+00 7.583509832278279461e+00 7.432408164971548103e+00 7.236589520294610445e+00 6.965995056913693695e+00 6.540862678911659067e+00 5.550407877578318327e+00 1.859564339694251833e+00 3.284036521145725640e-01 1.741439983220644232e-03 1.882258281547058551e-08 3.627366103217168205e-14 4.754147039676223586e-20
7.890202793617559607e+00 7.805605542993033552e+00 7.705756486012563578e+00 7.585155288910235605e+00 7.435187854568283683e+00 7.240950319530619517e+00 6.972286420190543232e+00 6.546900433398089802e+00 5.461641169663542961e+00 1.225401748720841733e+00 2.199397474937141439e-01 4.752932020533044309e-04 5.794740662868155129e-09 1.736689059765826400e-14 3.628359021489763471e-20
7.890173505924042985e+00 7.805703025268281081e+00 7.706114254614725212e+00 7.585914489251273096e+00 7.436459689966843811e+00 7.242664995645602843e+00 6.973453637138506522e+00 6.539234867816823282e+00 5.159887153558993411e+00 8.935649228221417273e-01 1.485405012143259096e-01 1.740408691471187854e-04 2.444517151648136353e-09 9.896766923502367930e-15 2.789343893941590135e-20
7.889738211215130192e+00 7.805081979010807025e+00 7.705286419162424849e+00 7.584636950105387854e+00 7.433908578277396373e+00 7.236278658174064127e+00 6.953706622741441912e+00 6.435176564466543070e+00 2.225961022181255355e+00 5.339344326963129106e-01 5.359339784620215791e-02 2.589979685664644052e-05 4.971050306027281938e-10 3.305830824269016407e-15 1.492760170485369026e-20
7.888882560863772930e+00 7.803425752643524227e+00 7.702314699213202331e+00 7.579199801896115751e+00 7.423294430419216106e+00 7.213029758006351599e+00 6.887590548279377778e+00 5.413597364582090954e+00 1.097633576631863450e+00 3.527303631655476779e-01 1.626733629033446510e-02 4.802189070053540851e-06 1.183225267311987191e-10 1.129341786515284456e-15 7.204093628731029368e-21
7.885617644824741923e+00 7.796118275417383003e+00 7.687598229634989622e+00 7.549752690483858331e+00 7.360175686409548668e+00 7.039060594573943064e+00 3.313422998559273136e+00 1.284354729104574933e+00 5.582318052581323187e-01 1.432193618210458042e-01 1.164743335540169202e-03 1.987457881042036048e-07 6.458783798729030772e-12 9.822022896013095480e-17 1.023372722222696834e-21
7.880788090489288855e+00 7.784270817742259929e+00 7.661591250229028205e+00 7.491473038175016086e+00 7.195784156878766602e+00 3.850867680030564344e+00 1.896447810650031318e+00 9.238703513584662907e-01 4.175389821226078158e-01 6.491348143707208196e-02 1.774863390491455853e-04 2.181949795520559395e-08 7.155667436659471485e-13 1.243857315911263012e-17 1.559538939453047900e-22
7.865890731153356796e+00 7.745492533616122444e+00 7.568686394136991069e+00 7.225121634100252876e+00 4.891719161529344717e+00 2.829000728793196195e+00 1.536494581398522685e+00 7.700170629494658137e-01 3.260912317234417879e-01 2.582216936692858025e-02 2.689238809546785433e-05 2.200639466886059020e-09 6.076529068539873533e-14 9.927078590694806938e-19 1.241878404393170084e-23
7.850337418853433391e+00 7.707953823749613242e+00 7.484850774462399770e+00 6.986353564994759680e+00 4.671055845060926082e+00 2.746660592945938895e+00 1.490238417511099867e+00 7.466927693161231616e-01 3.092835029429559235e-01 2.068005175501439613e-02 1.752984009285215371e-05 1.287871260357565413e-09 3.325989281919112614e-14 5.185325235045653817e-19 6.260880512460423297e-24
