7.261024009839506192e-313
7.261027039252420232e-313
7.261024223967557100e-313
2.615282811717043880e-210
3.463615605253313334e-132
3.334442156911127123e-69
1.193354024059061474e-19
8.178376680080019501e-01
1.725289640212249731e+00
2.217126258120431626e+00
2.645258119674904762e+00
3.056407622696061033e+00
3.462048028993141457e+00
3.865070980527884892e+00
4.266974609069413837e+00
4.668132192768742250e+00
5.068809573402162982e+00
5.469174252609190212e+00
5.869326668453339835e+00
6.269348912118697825e+00
6.669286672463636378e+00
7.069178577927261564e+00
7.469045685584548622e+00
2.117301990774094354e+245
8.268763459377563407e+00
8.668628954695559941e+00
9.068504571725767960e+00
9.468391024256289867e+00
9.868289701427112703e+00
1.026819945856916050e+01
1.066812056973162726e+01
1.106805136066794049e+01
1.146799164660211545e+01
1.186793976950586682e+01
1.226789540986490046e+01
1.266785714025019161e+01
1.306782462037416437e+01
1.346779669719735750e+01
