7.348192080943839466e-01 6.532739055666492156e-01 5.230174045449794695e-01 3.473402231610454069e-05 3.044566667184741714e-05 2.735610851019172111e-05 2.500779173405704467e-05 2.315284040373766382e-05 2.162895167837669184e-05 2.035731247481469835e-05 1.927840435807867144e-05 1.834236634786933948e-05 1.752442408715030526e-05 1.680791732926642840e-05 1.615823901637145340e-05 1.558592218438773541e-05 1.505974037966276944e-05 1.458058670598800480e-05 1.415273208505290087e-05
1.546337692563206190e+00 1.487445953640086138e+00 1.421664621633709435e+00 1.346176960188577132e+00 1.255820633818749421e+00 1.138407761012990127e+00 9.328469904679425051e-01 3.545441338721386747e-05 3.310690777841885930e-05 3.113460134173234015e-05 2.946155965137851147e-05 2.802066109410854280e-05 2.675803174816729393e-05 2.564977891250119044e-05 2.465930656103519246e-05 2.376252916004511110e-05 2.295759743088145256e-05 2.222986121814425067e-05 2.155328266346490533e-05
2.348384473466113231e+00 2.291761743303986076e+00 2.229029585083480924e+00 2.158590673509485303e+00 2.078234663321194109e+00 1.984697553018808458e+00 1.872667071484944268e+00 1.731978572530411542e+00 1.535523059676120683e+00 3.928375182000644084e-05 3.716492593704988524e-05 3.534322271148996681e-05 3.375586802014254406e-05 3.235354931049538537e-05 3.109871745409616627e-05 2.998260285795567972e-05 2.896964458920786640e-05 2.804418509432077505e-05 2.719831655526580840e-05
3.148592483532874020e+00 3.091763300149613869e+00 3.028372944152465607e+00 2.956816963342690840e+00 2.874962506449869615e+00 2.779854908602672925e+00 2.667168735558025805e+00 2.530055290676119117e+00 2.356256510017352923e+00 2.118232014985741429e+00 1.692342646500756054e+00 4.151453356315964733e-05 3.964900909440253075e-05 3.800278211867535918e-05 3.653642433743266126e-05 3.521212056102732856e-05 3.402615858185163911e-05 3.294318550674245371e-05 3.195058174903102523e-05
3.948405478570237825e+00 3.891107230207957901e+00 3.826906552206082779e+00 3.754124652158310926e+00 3.670536856820855398e+00 3.573082681904083291e+00 3.457343345314481731e+00 3.316510743656742921e+00 3.139070219599058742e+00 2.902420793868141224e+00 2.547039028718708575e+00 1.289270284013650292e+00 4.481222457112993870e-05 4.294773704950018871e-05 4.128699829504677726e-05 3.979771099873076202e-05 3.844567695721278183e-05 3.722355937476006627e-05 3.609936872979671059e-05
4.748181149948809576e+00 4.690508447611739129e+00 4.625748762330482045e+00 4.552177363529690268e+00 4.467507554254109614e+00 4.368594279043833239e+00 4.250904856801793308e+00 4.107489661934229375e+00 3.926729600345804094e+00 3.686455052374635333e+00 3.333122588245877260e+00 2.615869067524667635e+00 4.942294451739074089e-05 4.736221878223059121e-05 4.552563306083498394e-05 4.387748168486547675e-05 4.238729708639526507e-05 4.103840041046382802e-05 3.980152908682642787e-05
5.547998269656495118e+00 5.490066548920868428e+00 5.424953927036473722e+00 5.350911764461886655e+00 5.265620618222705218e+00 5.165889936583946351e+00 5.047123460982340326e+00 4.902285271916816178e+00 4.719659799603959094e+00 4.477118583221962211e+00 4.122754645014563124e+00 3.451203961196522396e+00 5.356810875911881644e-05 5.133073829432188256e-05 4.934462535138822009e-05 4.756175611493285930e-05 4.594424258291288316e-05 4.447877897924378389e-05 4.313919587442790527e-05
6.347863534706928768e+00 6.289758685014624540e+00 6.224425433245462713e+00 6.150102885799836550e+00 6.064454843384277538e+00 5.964267480662361010e+00 5.844911975501131174e+00 5.699308097178548138e+00 5.515689666478313491e+00 5.271939638507952886e+00 4.916872951281799686e+00 4.260714131368745328e+00 1.334935633843556291e+00 5.494126362538816975e-05 5.281329867941331191e-05 5.089310775287145375e-05 4.916594578814626750e-05 4.759026334532218274e-05 4.615730228653620090e-05
7.147767656370342948e+00 7.089547400187326431e+00 7.024074531418881939e+00 6.949581767799227983e+00 6.863724233152062482e+00 6.763276046838335276e+00 6.643591565460637227e+00 6.497567619771777103e+00 6.313411897221106628e+00 6.069012437171127594e+00 5.713539679435633900e+00 5.064145332351847273e+00 2.275941139359540788e+00 5.822036217851652893e-05 5.595969511596697441e-05 5.392750723212046241e-05 5.209471591202328707e-05 5.042093402804972307e-05 4.889814530535182169e-05
7.947700200486683464e+00 7.889402387796974558e+00 7.823839393085720850e+00 7.749240592113745052e+00 7.663256503628224081e+00 7.562654853394651155e+00 7.442781048780867437e+00 7.296519669323921597e+00 7.112063989909272799e+00 6.867302542256026321e+00 6.511578993324036446e+00 5.865338833991716960e+00 3.137800289287301592e+00 6.120899854925637078e-05 5.882226094372675719e-05 5.668821743141970806e-05 5.475491686996161782e-05 5.299845286329026700e-05 5.139186404386128357e-05
8.747652860401174735e+00 8.689302333153989366e+00 8.623679930693423756e+00 8.549013232415424213e+00 8.462950274131928907e+00 8.362255314913639381e+00 8.242268838051284519e+00 8.095868594610426072e+00 7.911239482476169371e+00 7.666268056622770111e+00 7.310379273874809236e+00 6.665611616597538536e+00 3.977405880792653114e+00 6.575823908789425465e-01 6.143017907097579361e-05 5.918237062920472563e-05 5.716443777358234187e-05 5.531914620806423411e-05 5.364091677409804415e-05
9.547619624082356538e+00 9.489232866693340540e+00 9.423570558814036602e+00 9.348859276890134851e+00 9.262745666220640217e+00 9.161992048312812997e+00 9.041936142422333234e+00 8.895451730300598214e+00 8.710718576324882889e+00 8.465620412794448768e+00 8.109618394486114212e+00 7.465521825287524393e+00 4.799729023095381741e+00 1.375745643673887519e+00 6.380036348421426376e-05 6.145441739541968485e-05 5.934327939215447640e-05 5.742989725247997149e-05 5.568409331303662992e-05
1.034759623763192415e+01 1.028918437736847480e+01 1.022349485128808588e+01 1.014875364960400717e+01 1.006260663911551134e+01 9.961815025789796607e+00 9.841714886810013496e+00 9.695177621854272232e+00 9.510379735472181295e+00 9.265202126349903367e+00 8.909120621738699342e+00 8.265314340743962873e+00 5.611207913706943273e+00 1.980659438759433844e+00 7.680091110888908300e-03 6.350558787568528856e-05 6.131229167792977297e-05 5.932512845955833082e-05 5.752343863098993275e-05
1.114757978109908620e+01 1.108915039262435975e+01 1.102344207025009659e+01 1.094868046155235497e+01 1.086251095077704854e+01 1.076169408679030504e+01 1.064156494637252237e+01 1.049499343261978623e+01 1.031015388353556084e+01 1.006492475678552267e+01 9.708786600401273503e+00 9.065092793051162445e+00 6.416777905548695315e+00 2.633568284909392876e+00 6.461020176270542148e-01 6.534892856293216445e-05 6.308270180125638083e-05 6.104724424812026443e-05 5.918383703008958029e-05
1.194756816891370121e+01 1.188912650118883896e+01 1.182340508831344295e+01 1.174862938373635224e+01 1.166244449030665997e+01 1.156161050712027638e+01 1.144146189201951991e+01 1.129486759824061970e+01 1.111000047319122608e+01 1.086473697090880819e+01 1.050855811259775408e+01 9.864896648755131281e+00 7.219343409634442210e+00 3.347034768480956490e+00 1.234975015930959819e+00 1.084855786460754479e-04 6.468598889979353605e-05 6.258585163082972468e-05 6.069332030477538878e-05
1.274755997331527446e+01 1.268910967400998224e+01 1.262337909873506092e+01 1.254859358187505691e+01 1.246239802488863901e+01 1.236155226632233273e+01 1.224139035510564177e+01 1.209478059148384688e+01 1.190989481154244700e+01 1.166460787507590169e+01 1.130839964663430308e+01 1.066473690420310838e+01 8.020444906341902325e+00 4.101215851325744843e+00 1.757468306810388015e+00 2.600856103199267744e-01 6.613261934465036382e-05 6.398722161126434215e-05 6.204750375688007971e-05
1.354755418194342376e+01 1.348909780021515559e+01 1.342336079438258700e+01 1.334856839394616301e+01 1.326236539508457035e+01 1.316151145653726751e+01 1.304134035412608661e+01 1.289471993554711382e+01 1.270982132622623162e+01 1.246451818641729581e+01 1.210828874221774853e+01 1.146461266528047851e+01 8.820859112429726423e+00 4.877699003127455413e+00 2.334450763176571630e+00 8.950526411490320466e-01 7.470557558395256748e-05 6.524669660057156966e-05 6.328055000064374686e-05
1.434755009378398505e+01 1.428908941274577593e+01 1.422334787965517400e+01 1.414855065146081436e+01 1.406234243178108478e+01 1.396148275906610436e+01 1.384130524267970230e+01 1.369467741694143292e+01 1.350976988890209007e+01 1.326445541153980834e+01 1.290821067920972709e+01 1.226451876092984072e+01 9.620966718449121657e+00 5.665589172776909876e+00 2.990060411288927522e+00 1.386397360764044517e+00 1.632779626925438543e-01 6.639240069256797645e-05 6.440214394876946015e-05
1.514754718958778668e+01 1.508908348811611333e+01 1.502333875730476898e+01 1.494853811546078148e+01 1.486232623240683459e+01 1.476146254039693595e+01 1.464128051589911550e+01 1.449464750542499836e+01 1.430973372021928824e+01 1.406441128550214081e+01 1.370815553381867424e+01 1.306444911367982975e+01 1.042094824589364066e+01 6.459247795793677582e+00 3.708358812285564632e+00 1.890890467995166135e+00 7.621778780367234329e-01 5.353806791086414057e-04 6.541779678053278842e-05
