8.052201913387544430e-01 1.557666107569380287e+00 2.423110805983787142e+00 2.693213918923769601e+00 2.792235695737263157e+00 2.840251177046607456e+00 2.867414170178017141e+00 2.884362356671227534e+00 2.895668512067365086e+00 2.903589833394315978e+00 2.909352820347048230e+00 2.913673175146796801e+00 2.916992295359843723e+00 2.919594750690938767e+00 2.921670834042877196e+00
5.305472152694611365e-01 9.487088491250078581e-01 2.122481143165192652e+00 3.103685755714549188e+00 3.366047784082419447e+00 3.474160057243786959e+00 3.531660796455416751e+00 3.566482436017200275e+00 3.589352041763461454e+00 3.605243516899951484e+00 3.616758294626361447e+00 3.625377452079659335e+00 3.631999604485437683e+00 3.637197690639704994e+00 3.641351964161114729e+00
3.294792851733493455e-01 5.373666331876334468e-01 1.174940103018535797e+00 2.932859881765794707e+00 3.807017404725878684e+00 4.047778566609525619e+00 4.160197188966540338e+00 4.224426897727133756e+00 4.265311683091339567e+00 4.293206474744658330e+00 4.313194919335031408e+00 4.328054815217046603e+00 4.339424757991758419e+00 4.348328911768126304e+00 4.355437234220731924e+00
3.784985195224059573e-02 2.617377318971012001e-02 5.341431736652876294e-01 1.477909625699375118e+00 3.827705889139737305e+00 4.509015464355069724e+00 4.733796033229881850e+00 4.848798826949444418e+00 4.918161916620866769e+00 4.964043772229210560e+00 4.996292260525365236e+00 5.019966243258962457e+00 5.037928163201396359e+00 5.051914945677036251e+00 5.063038363314300128e+00
9.622662302514884271e-05 1.036941553016418945e-04 1.070459162749075397e-04 4.527532145725048363e-01 1.933657293647134567e+00 4.664250684031259198e+00 5.208460338085667551e+00 5.421873498337173913e+00 5.538797497219468013e+00 5.612368213577632936e+00 5.662545207311740825e+00 5.698666565231982339e+00 5.725709357918969289e+00 5.746571397266750481e+00 5.763052454185622508e+00
nan 7.866651408511728517e-05 8.124638859345351821e-05 8.285976823324673918e-05 2.177318049545990397e-01 2.685835757512979871e+00 5.441460230848416124e+00 5.905300875287927020e+00 6.110754840647093289e+00 6.229411567715954945e+00 6.306643034475284182e+00 6.360645861857542549e+00 6.400294976198536823e+00 6.430466417849458161e+00 6.454067471829649350e+00
nan 6.163992418984423898e-05 6.350495089811119479e-05 6.488605315296754354e-05 6.579779601863855801e-05 6.823520450097777211e-03 3.822512528264600196e+00 6.185250113226529400e+00 6.599623780102622739e+00 6.799667904993023093e+00 6.920094988967464111e+00 7.000667574252831926e+00 7.058181181676309812e+00 7.101110246576786800e+00 7.134229614292483035e+00
nan 4.958100630494958929e-05 5.088794318163505036e-05 5.199429977215643597e-05 5.281338007064280209e-05 5.338329193506401388e-05 5.376369312364120528e-05 5.147383074136277159e+00 6.909299916649885631e+00 7.291471443743946956e+00 7.488081540079293497e+00 7.610436598448038659e+00 7.694178121265632164e+00 7.754996027118090218e+00 7.801030152580532118e+00
nan 4.075100180232192626e-05 4.162831921032460425e-05 4.248479319369596842e-05 4.318929541751291719e-05 4.371772357507189061e-05 4.409838792542023129e-05 4.436027311382744750e-05 6.319474182458015399e+00 7.620051904828621048e+00 7.980815087116855722e+00 8.175591518555521020e+00 8.300105175603064822e+00 8.386946554346330629e+00 8.450943224360003114e+00
nan nan 3.467649212999286966e-05 3.529830226995448855e-05 3.588204911943011451e-05 3.634821129865209644e-05 3.671644478452434169e-05 3.698985186934381777e-05 3.717852681601585535e-05 7.269023899332111682e+00 8.320830615481966674e+00 8.667562973257773251e+00 8.861863947772796735e+00 8.988818813361232785e+00 9.078768263891612733e+00
nan nan 2.933215509670593493e-05 2.977678952941994507e-05 3.022960488300324524e-05 3.063037434516211052e-05 3.096864290315307636e-05 3.122430688664398388e-05 3.142983928097926194e-05 3.156608581418855508e-05 8.092895416052069635e+00 9.013419676888018373e+00 9.351570587822264358e+00 9.546603965138286796e+00 9.676326122710710465e+00
nan nan 2.512943444050445122e-05 2.544008399960107135e-05 2.578636602703469430e-05 2.612336784093707240e-05 2.641399959196278060e-05 2.666216291862736663e-05 2.684897372115488569e-05 2.700195788797592024e-05 2.710289780811307364e-05 8.849042716823531052e+00 9.698747777586579133e+00 1.003264627718171909e+01 1.022953633294362596e+01
2.584449861729491005e+01 nan nan 2.198619015482659335e-05 2.224301290518221629e-05 2.250489065355419435e-05 2.276014910030288354e-05 2.297993275174143663e-05 2.315738954935986669e-05 2.330641858435494897e-05 2.341988617718601876e-05 2.349263016337807105e-05 9.563212890678027378e+00 1.037721194975316408e+01 1.071055187296387778e+01
2.761212008707299148e+01 nan nan 1.919005238933869402e-05 1.936777365176991199e-05 1.957500247727968115e-05 1.978657224790952304e-05 1.997564295543280915e-05 2.014550192173546108e-05 2.028580315944241881e-05 2.040133479210447031e-05 2.048458764048157930e-05 2.054266778002619223e-05 1.024526602967826072e+01 1.104883316370517754e+01
2.928747962478391287e+01 nan nan 1.689822873709998356e-05 1.702008738954678411e-05 1.717542520477824823e-05 1.734464338755142170e-05 1.751028324435545364e-05 1.766500438653152745e-05 1.779023463344808816e-05 1.789968761459012709e-05 1.798596760218869887e-05 1.805669399186315047e-05 1.809043780663453077e-05 1.089785551871687197e+01
3.090434211775433582e+01 nan nan nan 1.507707284715167427e-05 1.518999770287324244e-05 1.532441307910257134e-05 1.545616012958606975e-05 1.558369317707673240e-05 1.570989162077368817e-05 1.580694932816518542e-05 1.590073912651336795e-05 1.596441262352225906e-05 1.600946831271351771e-05 1.604070221293961659e-05
3.248043915091242440e+01 nan nan nan 1.344419349996612175e-05 1.352334610334236545e-05 1.362276790533503391e-05 1.373460639735279005e-05 1.384520791973029873e-05 1.395273882152109250e-05 1.404788802533927552e-05 1.412872821217047659e-05 1.419458536585808394e-05 1.424991990755841244e-05 1.429284447098068494e-05
3.402659503429696741e+01 nan nan nan nan 1.212093112639658666e-05 1.219843582468646377e-05 1.228585420385468205e-05 1.237352940185552236e-05 1.246288299641716317e-05 1.254508067748178775e-05 1.262373625271776952e-05 1.269156227997355746e-05 1.274616752634911244e-05 1.279445541275951210e-05
