7.924982310365697558e+00 7.938495972045921611e+00 7.943267364938163766e+00 7.945632000158227015e+00 7.946989136370775419e+00 7.947843026007319622e+00 7.948414986324255693e+00 7.948815733754520885e+00 7.949105996531565133e+00 7.949321770086010375e+00 7.949485512425539468e+00 7.949611740217260802e+00 7.949710272147973988e+00 7.949788089224678167e+00 7.949850053772472336e+00
7.187127662681833229e+00 7.821573813633467154e+00 7.860708102681481790e+00 7.874857587752330801e+00 7.882048258670458551e+00 7.886323480803564046e+00 7.889110892748392168e+00 7.891043270317206648e+00 7.892443080935693800e+00 7.893491137783178679e+00 7.894296542476788581e+00 7.894928409294810656e+00 7.895432762366999313e+00 7.895840999653909620e+00 7.896175571470626764e+00
2.069146673753898824e+00 7.551954592181991721e+00 7.732815435856159603e+00 7.780484507924666282e+00 7.801943537900863923e+00 7.813919992999697861e+00 7.821445477748357966e+00 7.826545210747745784e+00 7.830187450655557768e+00 7.832891550942981063e+00 7.834959690417687028e+00 7.836579417818763993e+00 7.837872475626759261e+00 7.838921519013124950e+00 7.839784120654966770e+00
9.295927866371181958e-01 5.981912255561731229e+00 7.514743681252472385e+00 7.648678900525554880e+00 7.700282077188227881e+00 7.727041973636272765e+00 7.743151587141346326e+00 7.753773043127854869e+00 7.761220027368522345e+00 7.766678374721106337e+00 7.770815770958032331e+00 7.774035861566931160e+00 7.776595732237744585e+00 7.778666670567712771e+00 7.780366951662870179e+00
6.445707866206165093e-01 1.591662503334309697e+00 7.054288520694892206e+00 7.452506984381101596e+00 7.566795554149129188e+00 7.620475048611894842e+00 7.651137174952404862e+00 7.670704005867437836e+00 7.684124124522431210e+00 7.693808409398944725e+00 7.701066139711602254e+00 7.706667019922452511e+00 7.711091357395634560e+00 7.714653723297629995e+00 7.717568015591690589e+00
5.187723398278127895e-01 8.155132029611991129e-01 3.936355450146184154e+00 7.123925734984607239e+00 7.382962997130475102e+00 7.486114766219774452e+00 7.540988770394086771e+00 7.574606788046311934e+00 7.597060131151970097e+00 7.612965504322255939e+00 7.624725337793387681e+00 7.633708506216142275e+00 7.640749308211288060e+00 7.646383898612035601e+00 7.650971357508213444e+00
5.121135502945801665e-01 2.489026952681057114e-01 1.268421600794467752e+00 6.329913573751528411e+00 7.108682380403413603e+00 7.310129053600600280e+00 7.406028923965068067e+00 7.461640835050893372e+00 7.497566363809775147e+00 7.522450181474118480e+00 7.540554859185712999e+00 7.554219652254221096e+00 7.564831319942649124e+00 7.573262198275899415e+00 7.580086691932963028e+00
5.160364941224869773e-01 9.401510664470298087e-04 4.901839430851859802e-01 2.287368900737466682e+00 6.619798785149008324e+00 7.065346796985928712e+00 7.235322895438913271e+00 7.326120570987562530e+00 7.382225297846483514e+00 7.420006478278408757e+00 7.446963859882376191e+00 7.467021909652558520e+00 7.482430473078554911e+00 7.494569035838153148e+00 7.504328636293591259e+00
nan 8.759169419904770703e-04 9.170724618842043905e-04 8.358573663384549768e-01 4.574338528015463368e+00 6.683588252619675707e+00 7.008787795236583129e+00 7.159026344520198926e+00 7.246065105821413610e+00 7.302534518311252221e+00 7.341853251933276425e+00 7.370607143029757502e+00 7.392413249525853658e+00 7.409422108010226715e+00 7.422990560219876244e+00
nan 8.246324455156145818e-04 8.564847412131587970e-04 8.806784902801008874e-04 1.322425941974969543e+00 5.847977288619342850e+00 6.681974616931064759e+00 6.944582146127040723e+00 7.081390506606854984e+00 7.165586891273935777e+00 7.222363517725849391e+00 7.262996253496022625e+00 7.293333956421047759e+00 7.316720454910271343e+00 7.335205969629224221e+00
nan 7.823372250593613663e-04 8.072532042592906517e-04 8.274187258510519102e-04 8.417347194456017414e-04 2.230227300331632190e+00 6.110896632783301641e+00 6.650667620967269933e+00 6.875222596338379510e+00 7.002411026795350324e+00 7.084436357358718794e+00 7.141509684810392500e+00 7.183301840976159980e+00 7.215062248075210682e+00 7.239894870522975090e+00
nan 7.465788483227596070e-04 7.661766010563277876e-04 7.831923440812938852e-04 7.956241793610001030e-04 6.823512854078074216e-03 3.822512488248750451e+00 6.190827448871506711e+00 6.602642432505972714e+00 6.801925035130684805e+00 6.921999590639899225e+00 7.002376295590306832e+00 7.059769463996418359e+00 7.102619214260581515e+00 7.135683685485346928e+00
nan 7.159119896122781478e-04 7.312544007052112832e-04 7.455602989008360861e-04 7.564937042638607799e-04 7.643976821634553822e-04 4.551203269125678186e-01 5.019759367233302072e+00 6.203817676500939626e+00 6.543733375070903691e+00 6.725289979000652174e+00 6.840015040952751590e+00 6.919172836121018300e+00 6.976935417637335490e+00 7.020782848655426456e+00
nan 6.890722027993903369e-04 7.009228620375311828e-04 7.129560819948739395e-04 7.226460819018918095e-04 7.297855351790528142e-04 7.349584858861853099e-04 1.172555152339232798e+00 5.432770288511881596e+00 6.182444151738218707e+00 6.476879112791180226e+00 6.645584270515918490e+00 6.756276899897164512e+00 6.834587264487240965e+00 6.892791953745155631e+00
nan 6.652987425450586833e-04 6.742384310927964069e-04 6.844002988477809876e-04 6.929753945283320671e-04 6.994199876254851437e-04 7.041520148242943426e-04 7.076172400629635517e-04 2.023857755146377890e+00 5.566560094042727336e+00 6.139935241104677033e+00 6.403636460680246500e+00 6.562871727258691834e+00 6.670569405869273716e+00 6.748369950833530417e+00
nan 6.440513010396656116e-04 6.505528203379891492e-04 6.590955467661134548e-04 6.666049837045084784e-04 6.725103340789646573e-04 6.768711919577334590e-04 6.800750094918708681e-04 6.824354933710561483e-04 3.041776597293338380e+00 5.605442935316054864e+00 6.082643270416591363e+00 6.324814675043038292e+00 6.477077213100835174e+00 6.582640963742360185e+00
nan 6.249786324270772790e-04 6.292752528015204891e-04 6.364189932367634835e-04 6.430587699716417381e-04 6.483835962421795329e-04 6.523283789911638432e-04 6.552986457144455764e-04 6.575905479330215438e-04 6.592918338011191865e-04 3.855492734169962965e+00 5.595841853088797890e+00 6.013861879454357684e+00 6.240769540249933911e+00 6.388015808727303124e+00
nan 6.077186520270440491e-04 6.100951682046102395e-04 6.159817269994269503e-04 6.218403125184409448e-04 6.265680626967505508e-04 6.302628657551658312e-04 6.330342180652236313e-04 6.350490777931877421e-04 6.366442940114859592e-04 6.378586480588798249e-04 4.283390806913054405e+00 5.555475160679248070e+00 5.935290047814747005e+00 6.151543678938846682e+00
nan 5.918535620580859863e-04 5.926752111930658293e-04 5.974426728788898716e-04 6.025231866725915464e-04 6.068218049877015068e-04 6.101488473301508409e-04 6.127387193938936723e-04 6.147040574105312868e-04 6.161685210817057249e-04 6.172741889102154999e-04 6.181868373510215897e-04 4.451995799007740118e+00 5.492332654399326941e+00 5.847662414026963518e+00
