6.250000000000000000e+02 6.250000000000000000e+02 6.250000000000000000e+02 6.250000000000000000e+02 5.932475000000000591e+02 5.662949999999999591e+02 5.529131250000000364e+02 5.453075000000000045e+02 5.405737500000000182e+02 5.374281250000000227e+02 5.352331249999999727e+02 5.336412500000000136e+02 5.324493750000000318e+02 5.315343749999999545e+02 5.308168749999999818e+02
9.765625000000002274e+02 9.765625000000002274e+02 9.765625000000002274e+02 9.765625000000002274e+02 7.372744140625001137e+02 6.573554687500001137e+02 6.222763671875001137e+02 6.036894531250001137e+02 5.926347656250001137e+02 5.855185546875001137e+02 5.806630859375001137e+02 5.772011718750001137e+02 5.746435546875001137e+02 5.727011718750001137e+02 5.711904296875001137e+02
1.406250000000000000e+03 1.406250000000000000e+03 1.406250000000000000e+03 1.406250000000000000e+03 1.055712656250000009e+03 8.018718749999999318e+02 7.138856250000000045e+02 6.720693749999999227e+02 6.487734375000000000e+02 6.344226562499999318e+02 6.249360937499999409e+02 6.183281250000000000e+02 6.135342187499999227e+02 6.099426562500000273e+02 6.071807812499999955e+02
1.914062500000000227e+03 1.914062500000000227e+03 1.914062500000000227e+03 1.914062500000000227e+03 1.914062500000000227e+03 1.101118046875000118e+03 8.597796484375001000e+02 7.655331250000000409e+02 7.178404296875000909e+02 6.901688281250001182e+02 6.726207031250000909e+02 6.607688281250000273e+02 6.523680078125000819e+02 6.461894140625000773e+02 6.415057031250000819e+02
2.280494999999999891e+03 2.059644999999999982e+03 2.340792500000000018e+03 2.500000000000000000e+03 2.500000000000000000e+03 2.160262499999999818e+03 1.147559999999999945e+03 9.140349999999999682e+02 8.142475000000000591e+02 7.611375000000000455e+02 7.292575000000000500e+02 7.085425000000000182e+02 6.942899999999999636e+02 6.840399999999999636e+02 6.764125000000000227e+02
nan 2.072755195312499836e+03 2.205835664062499745e+03 2.599388085937499909e+03 3.164062500000000000e+03 3.164062500000000000e+03 2.010533906249999745e+03 1.196214960937499882e+03 9.665546484374999636e+02 8.613748828124998909e+02 8.030390624999998863e+02 7.670098828124999955e+02 7.431022265624999363e+02 7.263833203124999045e+02 7.142080078125000000e+02
nan 2.119687500000000455e+03 2.156800781250000455e+03 2.389265625000000455e+03 2.876308593750000455e+03 3.906250000000000909e+03 3.906250000000000909e+03 1.956160156250000455e+03 1.247644531250000227e+03 1.018597656250000227e+03 9.078554687500002274e+02 8.443281250000002274e+02 8.041250000000002274e+02 7.769570312500002274e+02 7.576835937500001137e+02
nan 2.188497695312500127e+03 2.152571093749999818e+03 2.291825078124999891e+03 2.591385156249999909e+03 3.174227031249999982e+03 4.623580156250000073e+03 4.726562500000000000e+03 1.951158085937499891e+03 1.302271953124999982e+03 1.071076874999999973e+03 9.544064062499999181e+02 8.855923828124999773e+02 8.411390625000000227e+02 8.106101953124999682e+02
nan 2.272944375000000036e+03 2.175569999999999709e+03 2.250961874999999964e+03 2.448922500000000127e+03 2.808618750000000091e+03 3.495059999999999945e+03 5.275501874999999927e+03 5.625000000000000000e+03 1.976883749999999964e+03 1.360518749999999955e+03 1.124690624999999955e+03 1.001581874999999968e+03 9.272868750000000091e+02 8.784506249999999454e+02
nan nan 2.216877304687500327e+03 2.243415585937500055e+03 2.376027773437500400e+03 2.620470429687500200e+03 3.039531015625000236e+03 3.837963593750000200e+03 6.006728710937500182e+03 6.601562500000000909e+03 2.024950078125000118e+03 1.422880976562500109e+03 1.180049101562500027e+03 1.049853085937500055e+03 9.698091406250000546e+02
nan nan 2.271440937500000018e+03 2.257629062500000146e+03 2.343180000000000291e+03 2.516655312500000036e+03 2.803205781250000200e+03 3.282280312500000491e+03 4.198963125000000218e+03 6.799224687500000982e+03 5.947673593750000691e+03 2.091580312500000218e+03 1.489967500000000200e+03 1.237747656250000091e+03 1.099674843750000036e+03
nan nan 2.336150390625000000e+03 2.287160156250000000e+03 2.335974609375000000e+03 2.460427734375000000e+03 2.668104492187500000e+03 2.994785156250000000e+03 3.534099609375000000e+03 4.571208984375000000e+03 7.617102539062500000e+03 5.616738281250000000e+03 2.175477539062500000e+03 1.562493164062500000e+03 1.298337890625000000e+03
3.663199999999999932e+02 nan nan 2.328079999999999927e+03 2.346480000000000018e+03 2.434200000000000273e+03 2.589059999999999945e+03 2.827530000000000200e+03 3.192889999999999873e+03 3.791389999999999873e+03 4.945690000000000509e+03 8.409590000000000146e+03 5.600260000000000218e+03 2.277010000000000218e+03 1.641350000000000136e+03
3.687007812500000909e+02 nan nan 2.377871679687500546e+03 2.369958046875000491e+03 2.428401523437500600e+03 2.544848203125000509e+03 2.725687695312500637e+03 2.992685312500000691e+03 3.395016210937500546e+03 4.049973750000001019e+03 5.312248984375000873e+03 9.120422304687501310e+03 5.812839882812500946e+03 2.397909765625000546e+03
3.708660937499999477e+02 nan nan 2.434784062499999891e+03 2.403307968749999873e+03 2.437315312499999891e+03 2.524035937499999818e+03 2.663900156249999782e+03 2.867880937499999618e+03 3.161455312499999764e+03 3.598513593749999927e+03 4.305390468749999854e+03 5.660722968749999382e+03 9.701572499999998399e+03 6.259325624999999491e+03
3.729299218749999909e+02 nan nan nan 2.444477656250000109e+03 2.457324179687499964e+03 2.519906914062499709e+03 2.628770976562499982e+03 2.788767304687499745e+03 3.013729531250000036e+03 3.331860781249999945e+03 3.800723632812500000e+03 4.553295820312499927e+03 5.982207148437500109e+03 1.012514749999999913e+04
3.749218750000000568e+02 nan nan nan 2.492031250000000455e+03 2.486015625000000455e+03 2.528250000000000455e+03 2.612468750000000455e+03 2.739734375000000455e+03 2.917484375000000455e+03 3.161515625000000909e+03 3.501984375000000909e+03 3.999125000000000909e+03 4.789781250000000909e+03 6.269828125000001819e+03
3.767793749999999591e+02 nan nan nan nan 2.521675898437499654e+03 2.546206523437499527e+03 2.610082617187499636e+03 2.711788242187499691e+03 2.854889296874999673e+03 3.048481406249999509e+03 3.309687773437499345e+03 3.670050234374999491e+03 4.191360468749999200e+03 5.011568789062499491e+03
